[44, 27, 1403]
[44, 26, 1896]
[44, 29, 1261]
[44, 28, 5560]
[50, 31, 413]
[50, 30, 635]
[26, 36, 700]
[50, 36, 261]
[26, 30, 1859]
[43, 50, 675]
[26, 31, 7878]
[43, 47, 3310]
[43, 48, 1508]
[50, 42, 664]
[50, 41, 6588]
[50, 44, 894]
[26, 45, 1238]
[50, 43, 718]
[26, 44, 2627]
[50, 46, 1047]
[26, 47, 8554]
[50, 45, 846]
[26, 46, 2678]
[50, 48, 1497]
[50, 47, 1054]
[26, 48, 40113]
[48, 50, 1643]
[43, 43, 131580]
[44, 11, 16964]
[43, 44, 5607]
[43, 45, 1586]
[43, 46, 1052]
[26, 41, 14358]
[27, 11, 12774]
[43, 41, 18670]
[26, 43, 1746]
[43, 42, 3706]
[26, 42, 1759]
[43, 36, 3589]
[31, 50, 492]
[50, 50, 57970]
[48, 42, 2148]
[26, 11, 18039]
[48, 43, 2191]
[48, 41, 16059]
[48, 48, 255443]
[48, 46, 3669]
[48, 47, 8298]
[43, 30, 7419]
[48, 44, 3379]
[43, 31, 593]
[48, 45, 1833]
[43, 29, 713]
[36, 50, 200]
[43, 26, 1355]
[43, 27, 1354]
[43, 28, 2889]
[31, 43, 940]
[31, 42, 814]
[31, 45, 483]
[31, 44, 1357]
[31, 41, 5731]
[48, 31, 5587]
[48, 30, 2464]
[26, 27, 4020]
[31, 47, 7695]
[26, 26, 292439]
[31, 46, 773]
[26, 29, 972]
[26, 28, 2332]
[31, 48, 6002]
[48, 36, 732]
[42, 50, 636]
[36, 42, 444]
[36, 41, 3873]
[42, 46, 987]
[42, 47, 2738]
[42, 48, 1682]
[31, 31, 84552]
[36, 48, 449]
[36, 47, 545]
[36, 46, 396]
[36, 45, 725]
[31, 30, 716]
[36, 44, 3843]
[36, 43, 2973]
[47, 50, 1038]
[31, 36, 244]
[48, 28, 2792]
[42, 42, 129948]
[43, 11, 12121]
[48, 29, 1171]
[42, 43, 3649]
[48, 26, 39222]
[42, 44, 2606]
[48, 27, 6834]
[42, 45, 1016]
[42, 41, 22899]
[36, 31, 142]
[36, 30, 5105]
[42, 36, 595]
[36, 36, 25000]
[30, 50, 670]
[31, 29, 307]
[47, 41, 18295]
[31, 28, 866]
[47, 42, 3045]
[31, 27, 2434]
[31, 26, 8416]
[42, 31, 598]
[47, 47, 196062]
[47, 48, 7046]
[47, 45, 1200]
[47, 46, 1364]
[48, 11, 15844]
[47, 43, 3786]
[42, 30, 1828]
[47, 44, 3550]
[42, 28, 3854]
[42, 29, 585]
[42, 26, 1496]
[42, 27, 1205]
[36, 28, 604]
[30, 42, 1628]
[36, 27, 361]
[30, 41, 12980]
[36, 26, 455]
[30, 44, 12509]
[31, 11, 6024]
[30, 43, 7120]
[47, 30, 3275]
[47, 31, 5623]
[29, 48, 994]
[29, 47, 727]
[30, 46, 1352]
[30, 45, 3154]
[30, 48, 1715]
[36, 29, 358]
[30, 47, 2453]
[29, 42, 683]
[29, 41, 8586]
[41, 50, 7370]
[47, 36, 810]
[29, 46, 25773]
[29, 45, 4429]
[29, 44, 1624]
[29, 43, 906]
[41, 48, 10914]
[41, 47, 14109]
[41, 46, 10926]
[41, 45, 11938]
[47, 29, 666]
[30, 31, 527]
[30, 30, 120238]
[36, 11, 3746]
[46, 50, 944]
[30, 36, 8373]
[47, 27, 31740]
[47, 28, 3064]
[42, 11, 17014]
[47, 26, 7977]
[29, 50, 810]
[41, 44, 29391]
[41, 43, 18285]
[41, 42, 23725]
[41, 41, 1164252]
[41, 36, 4416]
[30, 28, 2084]
[29, 28, 1679]
[29, 27, 465]
[30, 27, 1278]
[29, 26, 992]
[46, 41, 12694]
[30, 29, 975]
[30, 26, 1521]
[29, 29, 124594]
[46, 47, 1509]
[46, 46, 147530]
[46, 48, 3113]
[28, 50, 1736]
[46, 43, 1273]
[46, 42, 1185]
[41, 31, 3329]
[46, 45, 4502]
[47, 11, 14546]
[41, 30, 10599]
[46, 44, 2932]
[41, 26, 9790]
[41, 29, 6043]
[41, 28, 50263]
[41, 27, 7093]
[30, 11, 12229]
[46, 30, 1646]
[29, 36, 577]
[29, 31, 223]
[46, 36, 549]
[29, 30, 1195]
[46, 31, 695]
[11, 41, 248409]
[11, 43, 11239]
[11, 42, 17293]
[46, 29, 27816]
[11, 45, 10200]
[46, 28, 2799]
[11, 44, 16848]
[11, 47, 11027]
[11, 46, 9596]
[28, 36, 753]
[45, 50, 776]
[28, 30, 2014]
[11, 48, 10100]
[46, 27, 735]
[46, 26, 2600]
[41, 11, 182995]
[28, 31, 713]
[11, 50, 7426]
[28, 48, 2278]
[28, 46, 2574]
[28, 47, 2966]
[45, 46, 4278]
[28, 41, 50793]
[45, 45, 154519]
[45, 48, 1517]
[45, 47, 1233]
[45, 42, 1118]
[28, 44, 6699]
[45, 41, 14282]
[28, 45, 2575]
[29, 11, 9368]
[28, 42, 4359]
[45, 44, 5109]
[46, 11, 11010]
[28, 43, 3339]
[45, 43, 1996]
[27, 47, 37182]
[27, 48, 6729]
[27, 45, 784]
[27, 46, 851]
[11, 27, 7274]
[11, 26, 11376]
[11, 29, 6316]
[11, 28, 33653]
[45, 36, 1105]
[28, 11, 28402]
[45, 31, 468]
[27, 43, 1916]
[45, 30, 3726]
[27, 44, 2145]
[27, 41, 11760]
[27, 42, 1514]
[11, 30, 9650]
[11, 31, 3600]
[45, 28, 2752]
[45, 27, 699]
[11, 36, 4283]
[45, 29, 4849]
[28, 26, 1793]
[28, 27, 1177]
[44, 50, 858]
[28, 28, 238183]
[28, 29, 1217]
[27, 50, 1098]
[45, 26, 1136]
[44, 48, 2419]
[50, 11, 7272]
[27, 26, 4441]
[27, 29, 546]
[27, 27, 179894]
[27, 28, 1716]
[44, 45, 4568]
[44, 44, 162239]
[44, 47, 2818]
[26, 50, 2190]
[44, 46, 2217]
[44, 41, 29687]
[45, 11, 12449]
[44, 43, 5514]
[44, 42, 2327]
[11, 11, 809201]
[27, 36, 622]
[50, 26, 1964]
[50, 28, 1433]
[50, 27, 918]
[50, 29, 769]
[44, 36, 4391]
[44, 30, 12593]
[27, 30, 1896]
[27, 31, 2460]
[44, 31, 836]
